{"episode_id": "0", "scene_id": "data/replica_cad/configs/scenes/v3_sc1_staging_04.scene_instance.json", "scene_dataset_config": "data/replica_cad/replicaCAD.scene_dataset_config.json", "additional_obj_config_paths": ["data/objects/ycb/"], "start_position": [0, 0, 0], "start_rotation": [0, 0, 0, 1], "info": 


{"object_labels": {"024_bowl_:0003": "bowl_target|0", "013_apple_:0000": "fruit_target|1"}}, "ao_states": {}, "rigid_objs": [["007_tuna_fish_can.object_config.json", [[0.74395, 0.00023, 0.66824, 0.83748], [-0.0001, 1.0, -0.00023, 0.64349], [-0.66824, 0.0001, 0.74395, 5.30566], [0.0, 0.0, 0.0, 1.0]]], ["010_potted_meat_can.object_config.json", [[0.71551, 0.0001, 0.6986, 3.20529], [-2e-05, 1.0, -0.00012, 0.44618], [-0.6986, 7e-05, 0.71551, 5.91207], [0.0, 0.0, 0.0, 1.0]]], ["002_master_chef_can.object_config.json", [[0.60657, -0.00034, -0.79503, -2.16268], [0.00018, 1.0, -0.00028, 0.77777], [0.79503, 3e-05, 0.60658, 1.2859], [0.0, 0.0, 0.0, 1.0]]], ["004_sugar_box.object_config.json", [[-0.15953, 0.03024, -0.98673, -2.22996], [0.03911, 0.99894, 0.02429, 0.9477], [0.98642, -0.03471, -0.16054, 0.4073], [0.0, 0.0, 0.0, 1.0]]], ["009_gelatin_box.object_config.json", [[-0.83882, 1e-05, 0.54441, -2.42435], [1e-05, 1.0, -0.0, 0.87476], [-0.54441, 1e-05, -0.83882, 0.30852], [0.0, 0.0, 0.0, 1.0]]], ["010_potted_meat_can.object_config.json", [[0.39243, 0.01282, 0.91969, 1.1086], [-0.00613, 0.99992, -0.01132, 0.45689], [-0.91976, -0.00119, 0.39247, -0.20432], [0.0, 0.0, 0.0, 1.0]]], ["003_cracker_box.object_config.json", [[0.76292, 0.03958, 0.64528, -2.00127], [-0.04934, 0.99878, -0.00293, 1.35695], [-0.64461, -0.0296, 0.76394, -1.1364], [0.0, 0.0, 0.0, 1.0]]], 



["024_bowl.object_config.json", [[0.98873, 6e-05, -0.1497, -2.45844], [1e-05, 1.0, 0.00046, 0.88718], [0.1497, -0.00046, 0.98873, 0.64234], [0.0, 0.0, 0.0, 1.0]]], ["004_sugar_box.object_config.json", [[-0.9615, 0.03085, 0.27307, 0.01652], [0.039, 0.99894, 0.02446, 0.50309], [-0.27203, 0.03417, -0.96168, -0.17668], [0.0, 0.0, 0.0, 1.0]]], ["005_tomato_soup_can.object_config.json", [[-0.93766, 0.00141, 0.34755, 3.15386], [0.00202, 1.0, 0.00138, 0.45534], [-0.34754, 0.00199, -0.93766, 6.55386], [0.0, 0.0, 0.0, 1.0]]], ["010_potted_meat_can.object_config.json", [[0.26618, 0.00601, 0.96391, -1.78373], [-0.00287, 0.99998, -0.00544, 0.97619], [-0.96392, -0.00132, 0.26619, 2.98377], [0.0, 0.0, 0.0, 1.0]]], ["010_potted_meat_can.object_config.json", [[0.9853, 0.00478, 0.17076, 3.47944], [-0.00366, 0.99997, -0.00689, 0.44611], [-0.17079, 0.00617, 0.98529, 6.1366], [0.0, 0.0, 0.0, 1.0]]], 

["024_bowl.object_config.json", [[-0.99464, -0.0005, 0.10336, -1.80886], [-0.00066, 1.0, -0.00153, 0.96162], [-0.10336, -0.00159, -0.99464, 3.3442], [0.0, 0.0, 0.0, 1.0]]], ["003_cracker_box.object_config.json", [[-0.44295, -0.01191, 0.89647, -1.77636], [-0.04422, 0.99898, -0.00857, 1.04092], [-0.89546, -0.04344, -0.44302, 3.63542], [0.0, 0.0, 0.0, 1.0]]], ["008_pudding_box.object_config.json", [[-0.43346, -0.02377, 0.90086, -2.46053], [-0.00592, 0.99971, 0.02353, 0.87927], [-0.90115, 0.00487, -0.43347, -0.42324], [0.0, 0.0, 0.0, 1.0]]], ["007_tuna_fish_can.object_config.json", [[-0.49339, -1e-05, -0.86981, -2.15952], [0.0, 1.0, -2e-05, 0.95101], [0.86981, -1e-05, -0.49339, 3.48219], [0.0, 0.0, 0.0, 1.0]]], ["004_sugar_box.object_config.json", [[0.99389, -0.04349, 0.10149, 0.02194], [0.04115, 0.99884, 0.02503, 0.50309], [-0.10246, -0.0207, 0.99452, -0.04844], [0.0, 0.0, 0.0, 1.0]]], ["003_cracker_box.object_config.json", [[-0.35944, -0.00988, 0.93312, 1.77283], [-0.04424, 0.999, -0.00647, 0.86933], [-0.93212, -0.04361, -0.35952, 7.44016], [0.0, 0.0, 0.0, 1.0]]], 

["024_bowl.object_config.json", [[-0.01233, 0.00019, -0.99992, 3.6204], [-3e-05, 1.0, 0.0002, 0.43169], [0.99992, 3e-05, -0.01233, 5.45873], [0.0, 0.0, 0.0, 1.0]]], ["008_pudding_box.object_config.json", [[0.331, -0.0007, 0.94363, -2.16283], [-0.003, 0.99999, 0.00179, 1.26916], [-0.94362, -0.00342, 0.331, -1.30114], [0.0, 0.0, 0.0, 1.0]]], ["008_pudding_box.object_config.json", [[-0.88909, -0.016, 0.45745, -2.09738], [-0.0059, 0.99971, 0.02349, 0.87927], [-0.4577, 0.01819, -0.88892, 1.90771], [0.0, 0.0, 0.0, 1.0]]], ["008_pudding_box.object_config.json", [[-0.4272, -0.02334, 0.90386, -2.29981], [-0.00583, 0.99972, 0.02306, 0.87927], [-0.90414, 0.00458, -0.42721, 1.53141], [0.0, 0.0, 0.0, 1.0]]], ["003_cracker_box.object_config.json", [[0.69202, 0.03472, 0.72105, -2.10985], [-0.0427, 0.99906, -0.00712, 1.04084], [-0.72062, -0.02586, 0.69285, 3.05435], [0.0, 0.0, 0.0, 1.0]]], ["009_gelatin_box.object_config.json", [[-0.24635, 0.00134, -0.96918, 0.74659], [-0.00182, 1.0, 0.00184, 0.64174], [0.96918, 0.00222, -0.24634, 4.30297], [0.0, 0.0, 0.0, 1.0]]], ["004_sugar_box.object_config.json", [[-0.64885, 0.0069, 0.76089, 1.05097], [0.03905, 0.99894, 0.02424, 0.50281], [-0.75991, 0.04544, -0.64843, -0.09301], [0.0, 0.0, 0.0, 1.0]]], ["009_gelatin_box.object_config.json", [[-0.68861, 6e-05, -0.72513, -0.13809], [9e-05, 1.0, 0.0, 0.42998], [0.72513, -6e-05, -0.68861, -0.1173], [0.0, 0.0, 0.0, 1.0]]], ["002_master_chef_can.object_config.json", [[0.9762, 0.003, 0.21684, -2.33908], [-0.00401, 0.99998, 0.00421, 1.3209], [-0.21682, -0.00498, 0.9762, -1.13666], [0.0, 0.0, 0.0, 1.0]]], 

["024_bowl.object_config.json", [[0.07711, 0.00039, 0.99702, -2.15972], [0.0009, 1.0, -0.00047, 0.5151], [-0.99702, 0.00093, 0.07711, -0.04666], [0.0, 0.0, 0.0, 1.0]]], 

["013_apple.object_config.json", [[-0.95509, -0.10961, -0.27531, -2.09654], [-0.15825, 0.97416, 0.16114, 1.28399], [0.25054, 0.19747, -0.94775, -1.01871], [0.0, 0.0, 0.0, 1.0]]]], 



"targets": {"024_bowl_:0003": [[0.34096, 0.0, -0.94008, 1.23808], [0.0, 1.0, 0.0, 0.78957], [0.94008, 0.0, 0.34096, 7.33227], [0.0, 0.0, 0.0, 1.0]], "013_apple_:0000": [[0.36548, 0.0, -0.93082, 1.24804], [0.0, 1.0, 0.0, 0.79801], [0.93082, 0.0, 0.36548, 7.31696], [0.0, 0.0, 0.0, 1.0]]}, "markers": [{"name": "cab_push_point_7", "type": "articulated_object", "params": {"offset": [0.26, 0.0, 0], "link": "drawer1_top", "object": "kitchen_counter_:0000"}}, {"name": "cab_push_point_6", "type": "articulated_object", "params": {"offset": [0.26, 0.0, 0], "link": "drawer2_top", "object": "kitchen_counter_:0000"}}, {"name": "cab_push_point_5", "type": "articulated_object", "params": {"offset": [0.26, 0.0, 0], "link": "drawer3", "object": "kitchen_counter_:0000"}}, {"name": "cab_push_point_4", "type": "articulated_object", "params": {"offset": [0.26, 0.0, 0], "link": "drawer4", "object": "kitchen_counter_:0000"}}, {"name": "fridge_push_point", "type": "articulated_object", "params": {"offset": [0.09, -0.66, 0.2], "link": "top_door", "object": "fridge_:0000"}}], "target_receptacles": [["kitchen_counter_:0000", 7], ["fridge_:0000", 0]], "goal_receptacles": [["frl_apartment_table_01_:0000", null], ["frl_apartment_table_01_:0000", null]]}
